data
cover
color
0 0
54 109
0 0.7582741414790993 311
1 0.6510440112359551 89
2 0.698668568396226 424
3 0.527967810362695 965
4 0.5288863190789478 304
5 0.5285431205936929 539
6 0.5264722103448274 290
7 0.44050534976303374 1055
8 0.44218773780487813 328
9 0.4393313045851532 916
10 -0.806674430069931 572
11 -0.8052901556776558 546
12 0.6502445766423361 137
13 0.6583422307692306 325
14 0.6022497420147419 407
15 0.61450110472973 296
16 0.599892454810495 686
17 0.6258336938775504 490
18 0.35982101569653324 1529
19 0.423547 1
20 0.36173162596899155 1032
21 0.28835144929396656 779
22 0.28557707815924066 1369
23 0.19096776859504136 605
24 0.19330076866456353 951
25 0.11467761235955043 890
26 0.11474679931972802 588
27 0.03012830013280211 753
28 0.030900807377049148 488
29 -0.06321600929152157 861
30 -0.06280136928702011 547
31 -0.14482633544303825 1264
32 -0.14861028855140182 856
33 -0.22049317679180888 1465
34 -0.22564221781437097 1336
35 -0.29915905882352933 1275
36 -0.30489786334610486 1566
37 -0.3825576841121497 535
38 -0.3316683148148146 54
39 -0.3831495988593157 526
40 -0.37440989500000027 600
41 -0.47145738106235585 433
42 -0.4718621696832579 442
43 -0.47159564351851874 432
44 -0.553415464114832 418
45 -0.5541456764705879 408
46 -0.5541456764705879 408
47 -0.6383439795396415 391
48 -0.6374127914438507 374
49 -0.6374127914438507 374
50 -0.7251681083123428 397
51 -0.7232290562347187 409
52 -0.7251681083123428 397
53 -0.798869100478469 418
0 2
1 12
1 14
1 16
2 15
3 5
3 7
3 9
3 14
3 16
4 8
4 17
5 7
5 9
5 14
5 16
6 9
6 15
7 9
7 18
7 19
7 20
8 18
9 18
9 20
10 51
11 50
11 52
11 53
12 14
12 16
13 17
14 16
18 20
18 21
18 22
20 21
20 22
21 22
21 23
21 24
22 23
22 24
23 24
23 25
23 26
24 25
24 26
25 26
25 27
25 28
26 27
26 28
27 28
27 29
27 30
28 29
28 30
29 30
29 31
29 32
30 31
30 32
31 32
31 33
31 34
32 33
32 34
33 34
33 35
33 36
34 35
34 36
35 36
35 37
35 38
35 40
36 37
36 38
36 39
36 40
37 40
37 41
37 43
38 40
39 42
40 41
40 43
41 43
41 45
41 46
42 44
43 45
43 46
44 47
45 46
45 48
45 49
46 48
46 49
47 51
48 49
48 50
48 52
49 50
49 52
50 52
50 53
52 53
